$ANSIBLE_VAULT;1.1;AES256
61653165633131646466376533343865383536333634323534346564396438373966313639396166
3161663139316235306233646661646437306435623463320a356335333864356533313737326434
37373565613431656634656535623236343263343134326165356339643633383766616165633961
3965313333623235350a626231656363386332623732326333323233383962353035376664623764
39356637633261313633623134653861316131646338366161663731626233393137303838353439
33646138363066393430663964353964646439663337383164366635623735623763306166353130
38313863333463346664643134343938633864313463366164333862646635376161363131343062
66383037663366636230373632363934336438353935376533363039323063663035316537663265
36643338626534343161636465616237346661353666653134373637366539646639376365333364
65656130326163376333643963363766333834323064666538666133353862626237643031376166
37386534346561343263636664656334666638336563616563386232376330326565333435353066
63663638663766653065
