$ANSIBLE_VAULT;1.1;AES256
37326262653633646562623836313139343934306663336534306630383464303938366536303030
3263353031326137343038636331376438626234633635660a616266646264323632313633373536
32323735303934383336336561316361646464363865646363646263333834346161313863336232
6462333730353432630a316266323538663336363564343437316539396639343133383765343138
62383263393336363563383563663161356335636336613661393162356433353866313465353365
35386535636363616464313264393932373437373732353365356535383732653737666161386234
66373736363333653232353962333163393637626235626262333461346461316434376562313666
62323964303638393064646336623735626234343034653131646630393666373066333030323762
39393161353830376266616262336136316465386537313930346334613430663837653837316439
66373433323836326462333431313831653537386164366636636539626336393234663265666435
39393339326138613164306261396566663961333464333636303435666532366238623161353165
37383762333233643566333966623165323265336266303233616666353330346634326366343035
34326665653435363530393230626436613636613033323163623636616265666564343135336562
62303162303837353763653062363737663365366633643931633136623934616533373362613233
62643037313231343639633231613265663533346366386637616337656235336630343136373736
32363032376662393163306330376430393833643261346632336165333064666363396537613530
39633661393838336532313730636466313937323030373133346463393436663138623164323862
62336636326436353564656566666265396666326438333933363362383433623133383333643231
32396561306263396131303131366562356437636632653964633839626461626266633938336166
34373838633638653261356163636337366238313765656262363933396430313562613333636636
37626234363536376466333239366637623464623062663161633732356130323961333161373362
30303331656534623837626530356464633366663561646437633861656463616564336535396631
38363439666235666161323038313966626533316231313261373465643863336139316438616634
38303261366339313736386338623066386331353038656561333339333866653633666334366263
38656136653436373461656364343935393139323166623430663762323935633461376164396136
63386664666136623264343864343364333838363663373531346466653562643135366138323265
31646633616638313434653439336531363839663036346239383735303530656237643236366131
38363732343230303961616534663933333533613333616133343731376636353761383066643730
33646535633363643263353463353932643437303738306163383835623065373138373463633636
63633938626562333464346137393736363533663064333234366161313437313964633165363362
63383736663734633763333830323263663064393236373237393339646531373330636333356561
36353438316339383837616138373430363166343234633333373937396364383035393934313734
34303638373363646361343331653366363330643062636539353235363739323963623534333464
36386130653636663530313664653265366565336233376537336533353164303261363330623539
39353037643532303764326163336562656262353861633861363036626163366532653366303339
34323730336530353561623335313032633332386439653166636365386165663532306635653661
61663266623638633930393037313164313339623933653335343065333461376637626630316465
64643639626531383164303534623962616338366264333665386361396161623961393663636339
66343932383835393932646661323132666262643962313336306461636164613936376435653063
65353330366436643262353866356166366537653939363262373534386436383466323663363636
34616338306434363634666234646336666238363330633766353330633339333566366632316530
63386435636561306232376136326635366362613338663265353864353336626364356564663731
62323961636236326438326562376261366137303863353936626162313563303336653663643464
32633766656461353939366430306436333533646337663964333337643130346539623965643361
63393362363139396566333738316364303035643139656231633039383935306636326139643161
61323132663132373434626562323834373264626266656137663335316132303862353762303766
34643734383338333563323065613930616631346564346138636435653639306232653565376138
63366332383665346334636631666133336538386665343932316330626233363165323838653561
30373130343766386636386631393933376532616665323864646235346630363136333862333764
34613066303465633930663165656435366632346631333735323834653235666631396563346233
32643162626635313463633933323336623130326335383362373762643837383365653935623032
32333036393666396432316234303564343737643366323263303438316339346462313832646138
31366162656638653630613832363432333764303366613333353563623966616434626665383732
30613863363130646561623539346235653863383136656366306430613565376136373133343633
61333433633866646361386238336135343939613566356565383232623434383630323732373836
32626531613230613038343632393163313663633762623832646338613366663833396637383636
65326633653438303762623633616338626439396666626636326635376264336663393139303732
35303132363732373939306266386461353735643064323564383935313939646661633936303734
62356332383864663736316632623436306138653631346335393530626236363339323164303165
31626530613733656231613664373065326663383766303935623064356261333162636532343233
32336439396137333861633537636461613531343965313830373837353230626130386365383139
39623032656164323061393635393962326661343062333437653238353334363330303664613131
38646137663964366661623234386430663164313736373733386430663165646432613565393831
66656439613836393131306436333766383366363533323734316436353264643066303832353232
32356462346261333532383734633334326435666332346637643964646536383830663632653539
30653065356164653937623662653630663737393038323538393837316235653137643539353136
36373936393161313333323665363034336132386336613662313831376538626137346636346562
37343132633261313231663036336236646339316632326164656566356336633235346135366230
37323736623434663665636365643861356630343662373238623331393735633237383535636532
38363238346438393333366235363238653032663639356334376638613965353534656334353630
61646665656436623130393834636638383839323765303063353462353866383037373963653130
62656162663061383164343234623739336435653239393233653534373466663538343239633261
64643534336538623966393339343535663333356330616134653964303230373865386431626162
33613830633135376164636538663036656439643737333861643961626437346563363364316663
61646331356532363761663932343663636662333334333336346161326263376536636634383066
64393439653964383334333733313966313064326261306162636364316563366462323133663337
32373538373464396161363237333534373631303534303965326231356539353436396236396137
62626663306431346236633764343065656634616130336138333236306263636637613862656535
34303964623635316661616664333231393337393464393237643436346336643534616265343061
30393262626130663338356261303966656366313763666430666562323165323264656665346563
62313230613863333837653036623463333766333733383037643061333039393436666237316663
32656366356564613130366439663562356639643363656630303436346232333834313432323037
36616239333364306439363234323839643730616532616333643964663031323033313962633366
64626366616237346662653038396236623633376366663632333765653235666463613164663361
37666665623565346338633662323239336635613433353633333065666638653536366363613361
39336132343631663939663133613730633331323566323361343236623235633661306233336461
30663439346435313565323231643134383163393666623466643336653439616233623033346165
32363139326166643838626433313934316635356434303063306231653135346666623666343862
61373264653933376133663333313163653563333964313161316666663739656335306435373132
31393763383662303837386262366165356635623934336537306434653431393539303331346337
35653661326633316633366434646534393866353038386562343738396530353063373339396265
36366335666638353337663065393931626139356337353830383936623162303064383264336133
66383762623437363065653262626338646539626265323036303665616665386131383164316632
31653832303664653566666361313664623739306630366638636335366365383063323334343330
65353662333930643839386137393834623332356162363537356262353439353636653966616361
37663135323731383939366634363364383562313765316439373939653565383231643237393431
34646537356338343066393736646264646433336234313335343036333934313732336639313939
31633132356565393565303765633236363832393538646365393833666432363633396134663336
39306564616266393031643166646235326136386435343330613839373836353039663932326166
37623763633061323862633964626366646431383835623839393439643830646665653235396433
64363434303539373030333664316365386462383233383031333930623235396338643533356632
33656430633866326633353962383932376533633439336632653161633237393166323161646233
38643961383930306539316264336365636138386362383262663130666462613835353532623837
62613666623035636464356166323037646536346131373065623636373137313064626436353132
61373562616134633831636561366562373531316139373662623364313266353636326233626339
36326536356334666632323066633539383938666465386265323131643265613438326663366232
31336463656338663738343637656232356338316234363062643439346130303965316637613536
38343438373332386164613737613364353139373264616264666563303431363432363862643333
39356136383931366563373863303537383131346535363632653761306335616663353036613539
34333165303336303735383231356539653939653637663631626633373166616635326466643635
38343761373834363536343430623763323564656231323364376363396135633135366533363937
39663232636662656635333838376661623932393233363364663063376262663063666135383865
37323834653032623163343461616661613761393333326133616132346162643038323633326635
31343830393139633539346637663737333738336638333166353334373831653737376231666433
61373464383366323165366132663532626161306466313431613234323839333061653664623437
39386231633837353638643131396132396563383938313432633963356331653339633530316434
38346435383563663965636465613136363362323263636332383631653332363862616431343832
63376338616439643765373338333461326239353838373931623463393834316137343434383963
30383564366464363737326462653361303138386437343231613434303334626434346538363836
63653464653165353364343239383337343139313138393763353235353161363131636232653132
33313733653037663033393962643464636236393439363133333335383464383764656335323939
36633562373764376433373235393961326461656431393739666332356637346462653765316632
61303335323633313666393039626532636231643833383035366234663633393831636430316638
37316332353464396136343864616433633934313432383066326537376238353532363435653166
39653931393037346530633136656163313561386161383561653065663631656662633034633062
62383066313061303030663432373331623036343565366562666664626339363661383834323431
65643533663731386431306564386334393164626265316263366135656366383132656565646363
33353165356165386237316334376262303264363734613766613030366462366434633938383162
66663139633864623431613430636330353635656533626237323435313237643330663437666332
32656261333462306366323636646433333839316333393564343764613666333666623166643638
36336333656362356361303136383331353466383561303333356534643432393238366564633263
61653864326166643561326634663937313061663631303364336139353264376363653732633064
37393339626438613335663766373066323461633135303531333263336662336164373638386562
61373235353339663165643732343861366132316135376130653434346435636535313039383238
31613437663734343066643236633435356630633862643830326364376461663133383430353334
65373935326134653735376130346636656235306237313536336265626633393632656538323432
65616537396135373534303435613366396534353038363963636639623861613863656133613133
37336366393163366534653238613064306435303664616164623063643833333937313636373738
62663465346437613135356638303435636634646265666239633265343030316365353232343965
38313336613437363235366230386337396663303264323262393863313139356136343634643737
30626531333161396363623962623865373166616330626364633733613562656133303164626138
34656532366164363331393931663333396463323231316138383936646465363831313236643632
33633863393631316565336138663563326530623033356637376231313136363533663433633034
33333835656361356131303834323235626231353435316634653134383266316230366462653635
37326131303738663263386261343033323134333564666661306465333637326131613665366233
34373361656439396236353264623938666633396464633366623265396538353461313962653132
61373339303262616236373437623464306430626166666165623962363334613435653332663831
38336366333864336439353965333761316162333036633566316231656232656363666263663138
36663632306539316236326430666162323831386661386564646536633935313863646237383862
36323638663539383830303432343238653166306131626433303938363165336163316166636265
38363261323631633165366534386162386631613038316333326365616666633963376139353231
30663765306666363361663434633131396637393763303738373235616632633339623361386262
64666139653364333661663362366236333237643236393464306239646565333135336162633861
39323936333363386533646331313235373266306465386431313937643330623230313761663534
34326335366630663065646634653432353164633335356364356662333532373531323638393661
64306665376338656364383532303661646339386166386132366664363261393830313338366233
64636161616537376561653862306131636364626231643631626139343361366231393435393964
64363632316339313066663264386232323261366663366635336636623865396534306262346233
37306632656235306666666264323433303637653537646134313731656138653335326630373038
30306536376431633936663266313666353930643237373962313435636364653233373436356365
34623234656231396237653562616661623861656264336634333636633962393732653338666632
66623264346561646330626639343433306361306636616532313062313266666133313366626663
38383862626335613538336332383664393437626531633263383965393135333638356262383432
37396439386635363365333533363739393061323037333761613166393935343461396663396438
66396565366261653735643764663036623464333230643433316438636231663137386661356234
32333165346138333939346132363533353039643630326433373937396437353336623239666461
37323166393238643463626632373562303530343733393062373565363538613961333062663134
39333838363966646132393566363034323763333565613663313331656666343965643130386263
39313834666137346233363537663731663930653537373237346234346631613936316363383337
61373861653837346135663663653330623430333731616161363032396636373232333334646539
39306232303335323262343031613962663931633834356634316530656264633465383662333139
63393866366130323730373166306561373033616432646637643132306335336162303432323033
63356264323935393138363464653633613564333735666565636166636638303331353964346266
32663832333437306566343466623962623836633034303533393162363633333263653733643939
62343934353832303732303537353335316535383737336565633832663864373831623335666237
38643736623432383433316333626633636139373162366263666133376630623861656234333635
38386634346130623434623464646664363736353436393166303135326639656361643938613836
30306661636264663065303232626537356662376262323230626139643339393133343661363737
36333161653535306437396362643764343835323230353630383465376530633434316531353530
64363363326636393239323737646538323861646562643566303137653930653932656634393234
64393132313636386436336363373239626331623664373833386630653865646636643564323535
65343536333739313937353331366134383631636333326635633939656132666464323263646336
31663937366233303165343762393537326237336637663331333261366633613364386236616135
64356330316265663738653461353237333239346662316365333962386330666339313463333064
35326238343534626533653936313737366462636561313362396236653564646234653366633139
34303232313561383635356330336431333061313536643462623666356461323130346338373830
62363761653566356533323634653432613634303163643132363934613630393532393865336465
62363339373234313861666632326666363963393031313436383764626666336266393963346431
63313935613133356432626262633836326231316361363439366565383961323331326361613962
65663561303864313262353935663931656661613133346336663566303962333961393331613530
62643764306234356436366133646438363032353662613764366566333936366364336338313236
37323037333234636137373564383039333331363435386462336164366630643166626439313131
62363361393166373233386132626565613038353736396132303537336164666132313664646237
62363035373565343730396534336630663330666338303839303363383932616635656264356564
63396139356137656130623934623266376238393632333864343264636265303035323530636139
35363535323061333465353663623262613238333466613833363430363661306136613335616563
37316463393335383466373938333130333135336666616163626637333831383237386635316264
32366331616536333137643436316135623939666161323763393162653563306539663033313036
64653464323464376437396432346437666663343737303962356234343935643562313766633735
32653433663333313634343132373737613562613663366136326537343830623533366430643663
31333637656266383561656365303761376435663939633265383563336634323537386331623637
30376331656231306639363632306236306263303535626233303339393030323862303435333664
39366633373432313339393937313738633437343139396239653933666331363164346339316535
39323732646435646263326362323337616538623766643530616366343263333534386632626538
39363233333930346239316463646533313335373133653763633239313534653064343666333563
36656637363434383737626237626464396433373465343438643330366437643130613466613863
33643636316133383839393765626631303862303938396662643837303164366564336431323238
61373536613936663432333839613733346233393836313637643863356632386565326563343230
34383862616265653566663835653732366137653837353835626266336265363264326366326433
38396334326263366530643134303361313830663936626362306664346336393364396239653438
31333065653863313065363766623836633530373531333532363138376363633032356436396238
36316237336537646332323831656336666332343761656434393762653261653664626162653334
31353930343836643834343637303964386335383238363463646462383130363364303366383862
32653764653634663430653134393566323531656630346264616634393061633864623131363466
30616233326434633661653930363238636232646437343165636539653031383166336336333264
37613733303962383435326539363166336463656239383261323666643064386534623939363763
38616666336666323063316539306564393132353030373232623165383737353831663639626262
64313464646130393633323739643262626239653637323337666236393735306131656364363730
31643233616137333334653139633963623239353666663639323136316463393866636434646630
63353064643166386366343834663031383666383737633633343234373537656437363065303363
66623962383139616465326338306338393865623333613865633931363230386139656638343932
30353931383634656663363966303931363566396434306661306361303532613138623765303333
34356136383634396463393735326231326363393837633437616638366530653635343831313233
30373035396639636539643466636661636361356232363632353334333633353933626334383261
66303266306334656635393064663931663065636564383634356566373738643366363539636338
30366232353964643461393537313532303962343762636236323864333939333061313335306434
39346431336533306266383837643863666630306262626561306161613163316261323932396339
36333436336636303139326533326636373734343561346638613138323461666335653666303334
34363966306435373936613830393636323931336336616361626237373235343937393562383137
61366435633032613033393438633633616539323161333839366463663366303033373630383562
35653237386266643937323237396633613465376464376161326265623338323736303865393630
36306235663331646534376164356534363764613135646566666162633066363366646538386265
38623336613862326630353333373266306132383166356564613232356230316630396565356261
65356462326339653636663530396461623130333537336136306162396330333566646664336265
36636639373336366331326135653132623166663562626336356266386538383061663264383431
31386230353030353765326136313137643466363131656634316430323030313065383838613336
36336362333930623030633666316633313838383532626333396434363435313762373733643962
32633062633437353337653031633736636239383465393161303731353637663066333334656237
30386462626136323337613037353061636639306339373236653663623632336636613333356338
34636161323539646137666363383833626233646136333936343962333961383239303939393932
33313036613162393362643662346262373661306136376337343961376662373235626162313038
32386361633433623765616631646635363738393330623938323363373239333436313836396666
33633961383462313332333561643664366632366565383539336438613933306465326631383133
62613830613161303162373332356538356361373366633334306634303137353734306431353736
38383338343530643632303532353637646561373462333831646165643663393931666138313066
61353536323362306438373533333738353762393333656539323962346338346139313230393234
35326238613730636463383766336436613165303435616533356563336463643436636535643539
66333964623137663937396231643039373932393139303238393263396661323731323866353564
33386266353234313031613632356163613664396565343833303538386665333130653062376464
64623364663539633633643334656231343663616236373938316135366437353461396665386139
33333035336333316135313833663164633030336266326433366630346365316133393562616338
65656539633263336166653162333231363061643462343230306135393462366531643930393036
63626364393236383839356165366237333164613435656231333766376666636432666334636232
36336338366635613034653431353132373437636163376662366664346331333735323539633361
63653032353130353432646635306165646534663938313166326531353263383265646663333366
30393437666566323366393861613365313861336466656133303737643636356563363136363433
62346238333431646539306361376232323862373261333562353131326139363939393764373336
36353537643231303865653137333465663265613433333661383061613931343837656465353237
36363864393133396335326464313532653662303065306633616639653362356362376263393963
63356461366634393531623363303163353032333335616638303433366439376263306639373339
35646631386562333238363931623631353537316662333033316663313263613039633136666236
32663565346230643161393436643532353233306263613765343437643439623165663631396133
38323965376537333062343864393032396437666331633566653938383933616436346337336137
61343565343862653539663138353732373361303130363035353737346535633936663033653837
62316361353635613866336461376161386330626365363461353062323239666466353434393365
34356632343839316434663338323337363362313462356639326138626363383830613138373038
62656463383764373762623830633964313938653434613938633631363139353336393231383463
61333138313932343432306235613132363532363838616466333764643634633966323938636234
32396662366333663061363361613532303937353734393130373730653636393533383863383062
64373834373430383736326531313836613063336432323563666636313063653132316163333164
35326333663364633138613764643239616138656162323764393061383834643031316436626534
31363338373736303933336632333732303830363136383263663832633530396164343533666166
32373066303564323163353138636238363532363438623362663332303337393562626533313634
35373065313862326530363733326439323562326432353931363937653062393936353834383438
36666166666566636130316239336131326161316361343930653736326663333863643766396436
32363035353235663432646237666636663935646332616532626163626337383064653433613464
37383135653934306634343366376136616235303264663533666335646237396361393465363364
36303232663165313862303031626236393930303939313264323666636666326262353632373866
34336636383466306436313362396637383233303337386638303865656461326538393439653561
33356661393832323237343738643737376661633062303938643231356462356537333835636330
64623039343639626166663262636136666536616163346261386538373934613162303165613637
63616166653366646666616332663466316534653762396434646633656131326662323564393265
39366434623633333031376161386237643236656637313834663363366230353266303336343533
36373764333764623734636665366563313565323666386462343830643763393937323332623634
31663834623737343237653134333536343833633930633162346630613932643264613037393434
61646530363030666437666363626362333739353262613833373434653836303934373162333831
32383339656661613535343534343663613433396633333238306532383862343632626538343330
30666331643235363230663135653264303666623632626231623039326238313536613730303631
63393637393761643030633661313737396136323632643265393364626163633136326632303063
39343036366363646632663537363966376462663832623433393332313164643431613861333638
65666436363965393962326662663936663465353866643463393837353461313938313434386362
35663337333632666166646537643739353136303230613666636461353763353334353564393264
38343162393939386561643938646234636435343035316139326238616263643333323662353934
35336330613334666234313165396364363630633930636366316433323063643730323534323432
62383865346539653435386265383764323338333939336138646435653466366335623263376431
65383839383164653734663838636637366131323666393137623637306239373738373331346665
39656665386134343437363830393531613030326539633062326134366530336534626264663531
32363463333236373064646131323936613236373266343934393436306131623761656439316563
66383436653637656665303439666133326366613565653437613061383137656131633137373664
31356137643636303161313237313930633734313462653638323430306532626230653161313338
36336131643963643265623562306437646334656136666432663835363630383266306263656531
39383861303432313632306636313166303261333361623365643663373431366561636463303432
37366431393834373461393437313331653330656165383763656564653736323930353462626437
35313432663361363434633830373032306533353361623235326165353532356630653833323935
35643634653165633638386231383263613933633763333336356232383262623561336434613538
34313066616335326261303634663166306333653061323430343632363138353363353462396361
35303262613834306635353235613866316437393066356234653331363763373366633238643936
32333132363064303134613963623230376166333939643866326338326364643234663531633166
62386338343735356466333366376539386466613861323230353766633763643836623831656661
36323634616266363634653135313132313033323163356632306463646165333337306466623432
31623639666137366362326466356232386263333130623563333830313562636266623736386236
30383730353863356162346236353463316232356662636532343162643566626137376534636561
36366337323934383538326339343830656637613366316439623837316536656431346339643632
38303531633038613539383136623831313639373433323233303330663763653738616264633136
34633562306535306133656235313464663630633132646638626235396332393638343539396334
34626432666631396364626533343462363465366436653832313931633865363538353739303835
66323939366266376139376164323339623666323265636332616434303966306261303562663537
37323637653530343938343837373638643032623434366438633635636234666364323165376561
34316233636430623562393833376161333531623265333438396237643535333366306236663939
65643039386430383336353964646462346536396262323562616236363633376430323430313031
32356562613062326166613465623566333730336635643432663661323333623865616138653565
36393063383265313839313338633133373462653961623563376461336639333463363336656462
65306638393062343031326430613830333964393633333261363932393862343863366264643131
34646339636465623166303066386632643036663262346430363533643963373633303239336362
30623361313062333734303930663763373139636434623163386239353562633835333235333239
30646331626334363835353965306238663536366363623061356630613062346233623939356437
62353638653661306633666131656135383035616439613830633033333734333462363365363364
65643866346433656132373661656563383166373738376432653233386233666337313663646430
33663434623233383131613761363765313537333639656362343734623239363362353661326331
65623663376134356562323466613730643831383666616264313337363735633638333536363161
65323239363263653231643865356536633364373434316137326438646230383364623830363632
36633963613730616161613066616261363931323530393565653337336634333335323038643633
64303434363963646337623935636361336335316433333661613533666664363065383065356135
34636264613536356633303938313734313861303265666364383062643737633165656664373161
37303066643563313633666137623633333833323364303336626331333433393331353562613165
33633364363463333335636633393161366332633964626130323430643161636165383066363539
35386666383364396630626134316334626666346665366330386538376436343165336131323765
63336137646361393631353932363633366364666632646166376138353232376661303734303835
39326135336539366265333436653539313037376461653765323430373065623731326366353437
64306661643039613862373364626432386562623838323933626363306238346535373166313564
65346564356535616365393837316261303066373439326663373866393661666337636238613530
30396332656465373461653939356239646161356362633037306235646332323563666461643436
38303937313935656432386431633439313435623737336232386665333262373733343938623836
63363462656131633731393332663935313738653664313735366436363464653131306236356139
63323536373931373135336435613263656138326261343232343163306632333561626138393664
63653066646232626664363531336433326132643461646466363431393537383237613465393732
32356133383462383331313262663632343261353765353636313336353234343039326230306135
63663161643835653439363434323561333863383335633939303737333234393639613938363365
35376363383933306339373631623430633865363134313733353934613939346136646563633964
63643635353434383532366563343535346136663038373065616661626536313364653430613062
62663666633534383634613163383233663466363463323836333562383663336666313333323030
31393535303736346164386661313461613734353433653433353632393566633337643834356362
35636631623965346230663237636537633634323630626338653134323366393733613133346466
37633063646163663461656436653232656539623166383233636237656563333764313238326238
32616131386561393164663365393965373034383465663232326136343162626637656566353536
31366533313937626433376633663539306139333465336339653337383865613034666666663332
34636135636130616162363433636562346662303334633130636630393366316663656266646235
61636631333637623762626531373232386662393330613438373931646332613939383230353964
30363165393266396438663832636330383763646537373534643065636164383562376432666334
65393739656166386237663363346265663639353636306164393666386365373032366632383366
61333361393038386261373565616637633138353461663566383064343863383732333862373930
63363366386637316262613839303835313838613062363362363234303163623762376435613262
34363233653938343336633235666665313635383237313663613137303737336233346162303737
31383935376162323162336436313734626338373834346331343766663434646330383032643231
65663861633335303566386434646438623639666663633862613438636162653436353364613662
37626635306234326230666633326464326238626639613462363638393739633035316235326134
61363133616165366430396237613361363562306539373663346632346266666138313230353163
64663562636566303830633466356430353462373365386162646461383565313531633739613563
32623966393036363738613732633636663032646435353038643062366361363137303039396562
38623138383238303361343233313663656436333864343165353930636431316632303531353064
61663762343330323264333565613163356636626565633837653939333833376131306135306233
61663232366264333463656337353064646136326138653739363161353862393439333663313864
64396138336231386339326363336236316233636463373230653932636438636262666136353832
33306632333164383133333433393165393132663231313865353031343835316365366431646565
62396438356562373130336233323333306337313330633561643531363538303932333137376661
66326430333162323335663035323161653462386261636139363332613366333839616239323861
35663465313534343339343663663031623438316135653161653664393931383631646338383763
30663332353235666231333636313564363335303634633339333533313562366430346436623433
64333661663632626639333263353132396134663662316634383066346364333632336531613764
35346139663437326339663837643863323566383936373037623133663436326135663263663433
34643034396439303565356539373165663463376461376438613331353331383463316432633731
61306231383062326363353561653566306532653863623239396532643531616130343136343337
35363130326266313931363764386535323663333334613532663230333463613531326662393636
38613632303663623035323865346536376164326161633663376261356565616438363865386531
62653939366130363736363665316130613565383939333962333036346332303866333638323338
62623638623766346561383061363431353638646463626366333565303266663862613738616239
38643436376530386438663032633162303130323061636430306634633163336634306461366234
31333332653931346338303935333862376634656531626238353039653432346635353064336265
39373233326662356536646236353263633930396234633862623065386435626631343936333439
64663562383236616434636632626439316232653961313265653835653835303866343634326562
64323065666631646339313230643662343339666430613131343034643832653932373530666466
30353632646331653666616666623337383366303030373533306264356530653931346637316365
37653666653534613063643665323235363066623730323038303235636639303566313465616336
61323364633231383536626363333336643766346536633863656464626537386235393133646532
32616365663032653662373033366231623038626433623861313433376632303364393264643834
63333038363539393634316535653834646363643762356264626266343532666436613039323961
35646265383264336265323862653333333837333734633933316236353930656434616234313466
35623939336333343632613235663832313964633265343666326364336666653935386339303739
61376234356661306136666338323039616135333462383231373038633033386639353538363434
37663363666164316139646637363539316530333432343434336432323737393336333062336261
66373933333037373334633336346561633361353765623865323564613432653737386131633366
63623363363932366430363138343365643965306564643239633336646438646562333564616635
61613466613664646661653461623632343065383536663035373961616339323039356162336430
61323836336562636234303936636139316131323161613264663932386562623132393934373965
66326639663630356232643635653639383331303030656664366565396331363731316265326162
36396165343837376265366637333063306439323138616430623337643031636163386262343964
65313431393863613635376465616366323631666437646432633730333832636138326163313965
31653363336434366662376564363063333738663166353132383030633563633965636334623935
38386463613130343964643461303637376663663561656662383464363736316138326639666430
39626263333965376439636661613932613136346163306465636438313462343339346139656230
65353961353132663739613861303661616239653532633536353037616465653737656437613062
36303537623866376237396438313665316339313865343935313438613037346166623235383363
34613630373433326461343437656236623862316164323534383736333235353064626130653739
6532326530316333663764363531383935633336336365373862
